#!/usr/bin/env python3
# -*- coding: utf-8 -*-
"""
Created on Tue May 12 23:36:03 2020

@author: thorius
"""


E2E_1stage_v8
358,032
              precision    recall  f1-score   support

         0.0       1.00      1.00      1.00       345
         1.0       0.85      0.86      0.86       345
         2.0       0.94      0.95      0.95       396
         3.0       0.95      0.96      0.96       402
         4.0       0.95      0.95      0.95       425
         5.0       0.97      0.95      0.96       406
         6.0       0.99      0.95      0.97       418
         7.0       0.97      0.95      0.96       399
         8.0       0.95      0.98      0.96       424
         9.0       0.97      0.96      0.96       405
        10.0       0.98      0.97      0.98       400
        11.0       0.98      0.96      0.97       445
        12.0       0.96      0.99      0.97       394
        13.0       0.98      0.96      0.97       406
        14.0       0.96      0.97      0.97       408
        15.0       0.94      0.96      0.95       408

    accuracy                           0.96      6426
   macro avg       0.96      0.96      0.96      6426
weighted avg       0.96      0.96      0.96      6426


E2E_1stage_v9
Total params: 207,088
Trainable params: 207,088
              precision    recall  f1-score   support

         0.0       1.00      1.00      1.00       345
         1.0       0.75      0.73      0.74       345
         2.0       0.91      0.91      0.91       396
         3.0       0.94      0.90      0.91       402
         4.0       0.93      0.90      0.92       425
         5.0       0.91      0.92      0.92       406
         6.0       0.97      0.95      0.96       418
         7.0       0.95      0.94      0.95       399
         8.0       0.94      0.93      0.94       424
         9.0       0.89      0.94      0.92       405
        10.0       0.93      0.94      0.94       400
        11.0       0.92      0.93      0.93       445
        12.0       0.97      0.97      0.97       394
        13.0       0.94      0.96      0.95       406
        14.0       0.93      0.94      0.93       408
        15.0       0.92      0.94      0.93       408

    accuracy                           0.93      6426
   macro avg       0.93      0.93      0.93      6426
weighted avg       0.93      0.93      0.93      6426